B
265380161
265396301
265396581
265422701
265558541
265572241
265583361
265585131
265586191
265586511
265586571
265586581
265586611
265586621
265586631
265586651
265586671
265586681
265586711
265586721
265586741
265586751
265586771
265586781
265586841
265586851
265586861
265586891
265586911
265586941
265586961
265586971
265586991
265587021
265587031
265587041
265587061
265587091
265587101
265587111
265587121
265587131
265587141
265587161
265587181
265587201
265587211
265587251
265587281
265587301
265587321
265587341
265587361
265587381
265587391
265587441
265587451
265587471
265587481
265587491
265587521
265587531
265587541
265587551
265587561
265587591
265587601
265587611
265587621
265587691
265587701
265587711
265587761
265587771
265587841
265587851
265587911
265587991
265588091
265588121
265588151
265588171
265588191
265588221
265588241
265588271
265588341
265588351
265588391
265588711
265588771
265588791
265588901
265588911
265588971
265588981
265588991
265589001
265589021
265589031
265589041
265589061
265589081
265589091
265589111
265589121
265589131
265589141
265589151
265589161
265589241
265589261
265589281
265589301
265589331
265589351
265589371
265589391
265589411
265589471
265589481
265589491
265589531
265589581
265589601
265589641
265589761
265589771
265589781
265589831
265589871
265589891
265589931
265589961
265589971
265589991
265590041
265590051
265590061
265590101
265590121
265590131
265590211
265590331
265590341
265590371
265590381
265590441
265590501
265590551
265590561
265590631
265590711
265590831
265590841
265590851
265590861
265590871
265591011
265591041
265591091
265591111
265591131
265591141
265591331
265591371
265591391
265591421
265591501
265591511
265591541
265591581
265591651
265591661
265591691
265591721
265591801
265591831
265591841
265591871
265591941
265591991
265592001
265592011
265592061
265592081
265592101
265592181
265592231
265592401
265592481
265592571
265592621
265592651
265592681
265592691
265592711
265592741
265592811
265592881
265592961
265593071
265593111
265594191
265598081
265599221
265599291
265600521
265609931
265615121
265617241
265617701
265618881
265621131
265621611
265625551
265625691
265626991
265628701
265631471
265638981
265641911
265644361
265646801
265649871
265654801
265662721
265665131
265667281
265673511
265684671
265705321
265714651
265736681
265776491
265777251
265790381
265791261
265846361
265846371
265846381
265846391
265846401
265846411
265846421
265846431
265846441
265846451
265846461
265846471
265846481
265846491
265846501
265846511
265846521
