249877351
249878231
249873061
249883681
249833341
249835741
249879741
249880081
249877001
249876771
249879321
249878991
249905061
250158371
249905771
249904271
249905551
249904891
249885871
249881231
249882231
249882891
249883291
249884031
249889381
249880821
249873421
249882001
249881051
249834411
249889621
249882561
252803121
249885471
249883561
249884911
249840971
249838941
249835291
249830241
249839741
249839291
249841821
249840261
249836541
249838491
249838751
249834041
249841521
249839941
249832941
249837631
249833741
249836111
249836961
249837321
250866931
249820731
249835051
249890251
249890501
249892571
249892901
249893581
249892261
249997361
250219691
249893931
249877591
249876471
250645141
249878871
249830531
247803311
251567611
250182301
250385731
249878421
250842451
252449051
250553011
248452431
249736311
252499951
249885251
252436601
250693281
251900721
249975001
249633141
250859661
248519101
249875671
248960181
252022321
249611061
248853661
250246571
249877801
249641231
251143101
250656761
250393111
249894311
249881481
249837921
249965441
252498401
253065641
249886101
251648391
252619701
252518741
252814431
249345891
251692151
253105461
252584911
252244641
252694201
252269441
252620181
235864901
252555301
251878191
252907051
253142021
250299071
252170781
252621591
250013071
252866401
250876171
250203111
253200301
252917731
252232361
250327601
250921561
252988541
252986961
252701561
250292471
251831481
