265846391
265846381
265846531
265846511
265846521
265846371
265846361
265846501
265846491
265846471
265846481
265846461
265846441
265846451
265846431
265846421
265846411
265846401
265846391
265846381
265846361
265846371
265790381
265777251
265776491
265791261
265736681
265572241
265705321
265684671
265714651
265558541
265665131
265673511
265667281
265662721
265644361
265641911
265654801
265649871
265626991
265646801
265422701
265621131
265396581
265396301
265638981
265617241
265380161
265615121
264228871
265631471
265628701
265625691
265625551
265621611
265618881
265617701
265609931
265600521
265598081
265599291
265599221
265594191
265593111
265593071
265592961
265592881
265592811
265592741
265592741
265592691
265592651
265592741
265592711
265592691
265592681
265592651
265592571
265592621
265592571
265592481
265592411
265592401
265592231
265592181
265592101
265592081
265592061
265592011
265592001
265591991
265591941
265591871
265591871
265591831
265591841
265591801
265591721
265591691
265591661
265591651
265591581
265591581
265591541
265591511
265591501
265591421
265591411
265591421
265591411
265591391
265591371
265591331
265591141
265591111
265591131
265591141
265591111
265591091
265591041
265591011
265590551
265590211
265590871
265590871
265590861
265590851
265590841
265590831
265590781
265590711
265590631
265590631
265590631
265590561
265590501
265590441
265590331
265589971
265590381
265590331
265590371
265590341
265589971
265589971
265590331
265590121
265590131
265590121
265590061
265590101
265590101
265590051
265590061
265589961
265590051
265590041
265589991
265589961
265589941
265589931
265589891
265589871
265589831
265589781
265589771
265589761
265588711
265589641
265589601
265589581
265585131
265589531
265589491
265589471
265589481
265589471
265589351
265589331
265589411
265589391
265589371
265589351
265589331
265589161
265589301
265589281
265589261
265589161
265589241
265589151
265589041
265589031
265588991
265589161
265589151
265589061
265589141
265589041
265589031
265589021
265589131
265588991
265588981
265589121
265588971
265589111
265589091
265589081
265589061
265589041
265588911
265589031
265589021
265589001
265588991
265588981
265588971
265588901
265588911
265588591
265588901
265588591
265588591
265588791
265588771
265588591
265588591
265588351
265588391
265587841
265588351
265588341
265587841
265588271
265588191
265588241
265588221
265588191
265588171
265588151
265588121
265587931
265588091
265583361
265587991
265587911
265587851
265587791
265587851
265587621
265587691
265587771
265587621
265587761
265587711
265587701
265587691
265587591
265587621
265587611
265587601
265587521
265587591
265587561
265587161
265587551
265587541
265587531
265587521
265587491
265587391
265587481
265587471
265587161
265587361
265587451
265587441
265587301
265587281
265587421
265587391
265587381
265587121
265587161
265587361
265587341
265587321
265587311
265587201
265587301
265587281
265587131
265587251
265587161
265587211
265587201
265587181
265587131
265587161
265587111
265587141
265587061
265587131
265587021
265587111
265587061
265587041
265587031
265587101
265587091
265587021
265587061
265586971
265587041
265587031
265586991
265586751
265587021
265586191
265586971
265586961
265586941
265586841
265586911
265586891
265586721
265586781
265586861
265586851
265586841
265586761
265586571
265586721
265586781
265586771
265586481
265586761
265586481
265586671
265586571
265586741
265586721
265586631
265586621
265586711
265586681
265586671
265586581
265586571
265586651
265586631
265586621
265586511
265586611
